pnpm-workspace.yaml
  s_eab43c3f3b40f6::t_5a4a4288afe798 180
pnpm-lock.yaml
  s_eab43c3f3b40f6::t_46c80c4728eac5 520-521,600,603,606,609,612,615,651,660,666,669,675,681,684,687,690,693,705,708,723,778,916,937,940,943,946,1042,1085,1173,1222,1250,1319,1322,1325,1328,1349,1352,1362,1423,1442,1473,1516,1522,1562,1575,1639,1661,1740,1762,1784,1809,1852,1871,1896,1987,2012,2076,2095,2168,2184,2200,2228,2277,2293,2321,2391,2415,2428,2489,2511,2701,8016-8018,14663-14665,15392,15396-15397,17016,17035,17061,17064,17240,17242,17245-17246,17288,17290,17294,17334,17336,17370,17372,17403,17405,17437,17439,17469,17471,17502,17504,17534,17536,17571,17573,17577-17578,17607-17622,17658,17660,17664-17667,17711,17715,17744,17746,17748,17780,17784,17786-17787,18367,18371,18376,18380,18449,18451-18452,20133,20135-20137,20139,20145,20147-20148,20153,20171,20174-20176,20178-20179,20181,20186-20191,20198,20200,20219,20221,20241,20243-20246,20248,20250-20251,20253,20257-20258,20260-20262,20266,20289,20291,20293,20297,20300,20327,20330,20332,20335,20337-20341,20351,20356,20366,20371,20373,20389,20391,20393,20395-20397,20424,20440,20444,20446,20448-20449,20451,20455,20457,20464,20477,20486,20492,20494,20504,20512,20522,20526,20542,20549,20564,20568,20578,20590,20592,20685,20690,20701,20705,20711,20713-20714,20720,20727-20729,20848,20851,20854,20856,20859,20996,20999,21243,21245-21246,21248,21250-21251,21255,21258,21260,21263-21264,21266,21268,21270,21272,21275-21276,21278,21730-21732,21736,21740,21795,21806,21812,21842,21896,21900,21904,21908-21909,21914,21918-21919,21921,21923-21925,21935,21937,21942,21944,22394,22422-22423,22989,22996,22998,23005,23192,23196,23543,23545,26327,26348,26421,26434,27131,27133,27727,27730,27733-27735,27740,28415,28417,28419-28421,28423,28985,28987,29242,29245-29246,29253,29256-29257,29264,29266,29283,29285,29364,29643,29647,29671,29674,29704,29706,29710,29715,29718
---
{
  "schema_version": "authorship/3.0.0",
  "git_ai_version": "1.6.14",
  "base_commit_sha": "29ee87c4aad042a1c63a3c9a62b7536c5bd53261",
  "prompts": {},
  "sessions": {
    "s_eab43c3f3b40f6": {
      "agent_id": {
        "tool": "opencode",
        "id": "ses_09eb50dc2ffeRYQQ4IAjOKRo7A",
        "model": "deepseek/deepseek-v4-pro"
      },
      "human_author": null
    }
  }
}