pnpm-lock.yaml
  s_43b7496500caae::t_49dfb6593552ef 17240,17243-17246,17259,17289,17295,17298,17333-17336,17341,17658-17659,17665-17668,17675,19242-19244,21592,21861,25330,26337,28325
  s_43b7496500caae::t_ce2d2ef996c708 520-521,600,603,606,609,612,615,651,660,666,669,675,681,684,687,690,693,705,708,723,778,916,937,940,943,946,1042,1085,1173,1222,1250,1319,1322,1325,1328,1349,1352,1362,1423,1442,1473,1516,1522,1562,1575,1639,1661,1740,1762,1784,1809,1852,1871,1896,1987,2012,2076,2095,2168,2184,2200,2228,2277,2293,2321,2391,2415,2428,2489,2511,2701,14655-14657,15388,15392-15393,17012,17031,17057,17060,17236,17238,17241-17242,17284,17286,17290,17330,17332,17366,17368,17399,17401,17433,17435,17465,17467,17498,17500,17530,17532,17567,17569,17573-17574,17603-17618,17654,17656,17660-17663,17707,17711,17740,17742,17744,17776,17780,17782-17783,18368,18372,18377,18381,18450,18452-18453,20130,20132-20134,20136,20142,20144-20145,20150,20168,20171-20173,20175-20176,20178,20183-20188,20195,20197,20216,20218,20238,20240-20243,20245,20247-20248,20250,20254-20255,20257-20259,20263,20286,20288,20290,20294,20297,20324,20327,20329,20332,20334-20338,20348,20353,20363,20368,20370,20386,20388,20390,20392-20394,20421,20437,20441,20443,20445-20446,20448,20452,20454,20461,20474,20483,20489,20491,20501,20509,20519,20523,20539,20546,20561,20565,20575,20587,20589,20682,20687,20698,20702,20708,20710-20711,20717,20724-20726,20845,20848,20851,20853,20856,20993,20996,21240,21242-21243,21245,21247-21248,21252,21255,21257,21260-21261,21263,21265,21267,21269,21272-21273,21275,21725,21729,21784,21795,21801,21831,21885,21889,21893,21897-21898,21903,21907-21908,21910,21912-21914,21924,21926,21931,21933,22383,22411-22412,22978,22985,22987,22994,23181,23185,23532,23534,26320,26341,26416,26429,27124,27126,27711,27714,27717-27719,27724,28399,28401,28403-28405,28407,28969,28971,29226,29229-29230,29237,29240-29241,29248,29250,29267,29269,29348,29629,29633,29657,29660,29690,29692,29696,29701,29704
pnpm-workspace.yaml
  s_43b7496500caae::t_bf99c1bfcc7ea4 17,180
  s_43b7496500caae::t_1e725b5cc672da 236
---
{
  "schema_version": "authorship/3.0.0",
  "git_ai_version": "1.6.10",
  "base_commit_sha": "0dc93c1a022fa603927cc1d657e8f91d4c409900",
  "prompts": {},
  "sessions": {
    "s_43b7496500caae": {
      "agent_id": {
        "tool": "opencode",
        "id": "ses_0c968b37fffeMR4EdkW53TJ0KH",
        "model": "deepseek/deepseek-v4-flash"
      },
      "human_author": "Thomas Camlong <thomas@ajnart.fr>"
    }
  }
}